0 0.325521 0.099206 0.026538 0.038360
0 0.115575 0.231151 0.025298 0.035053
0 0.115327 0.585483 0.022817 0.036706
0 0.288814 0.226521 0.023065 0.033730
0 0.291915 0.318618 0.020833 0.031415
0 0.233135 0.251488 0.020337 0.031415
0 0.233011 0.294478 0.020089 0.030754
0 0.300347 0.191138 0.019841 0.030423
0 0.830977 0.519345 0.020585 0.026124
0 0.379960 0.887731 0.018849 0.028108
0 0.334077 0.964782 0.017857 0.027447
0 0.251488 0.362599 0.014881 0.030093
0 0.371156 0.319114 0.016617 0.033730
0 0.327629 0.376819 0.012897 0.022817
0 0.316964 0.372520 0.014385 0.030093
0 0.624752 0.498677 0.013889 0.020503
0 0.792535 0.523975 0.011657 0.016204
0 0.774926 0.524471 0.014633 0.019841
0 0.332217 0.757937 0.012649 0.019180
0 0.282614 0.810185 0.012649 0.025132
0 0.342014 0.729663 0.014881 0.026124
0 0.414931 0.891534 0.010913 0.014550
0 0.421007 0.911541 0.011657 0.016204
0 0.043527 0.058036 0.022569 0.022156
